Confluence 0,0,0,0,0
OA 0
DFP 0,0,0
DFP 0,0,0
Confluence 0,0,0,0,0
OA 0
DFP 0,0,0
DFP 0,0,0
Confluence 14,393,204,393,204
OA 15
DFP 7,364,190
DFP 7,362,189
Confluence 33,836,540,525,327
OA 7
DFP 20,836,540
DFP 13,525,327
Confluence 20,268,147,272,149
OA 1
DFP 10,268,147
DFP 10,272,149
Confluence 44,359,198,351,194
OA 49
DFP 22,359,198
DFP 22,351,194
Confluence 4,92,48,85,44
OA 1
DFP 2,92,48
DFP 2,85,44
Confluence 12,192,96,0,0
OA 9
DFP 12,192,96
DFP 0,0,0
Confluence 16,150,81,0,0
OA 40
DFP 16,150,81
DFP 0,0,0
Confluence 16,540,298,0,0
OA 1
DFP 16,538,298
DFP 0,0,0
Confluence 10,149,83,147,82
OA 4
DFP 5,149,83
DFP 5,147,82
Confluence 2,52,25,52,25
OA 1
DFP 1,52,25
DFP 1,52,25
Confluence 188,2663,1559,2702,1581
OA 108
DFP 94,2652,1555
DFP 94,2691,1577
Confluence 16,189,97,193,98
OA 12
DFP 8,190,97
DFP 8,193,98
Confluence 140,2069,1218,2069,1218
OA 60
DFP 70,2058,1214
DFP 70,2058,1214
Confluence 80,893,546,874,536
OA 88
DFP 40,887,543
DFP 40,868,533
Confluence 50,520,287,514,284
OA 46
DFP 25,511,283
DFP 25,505,280
Confluence 42,486,271,480,268
OA 43
DFP 21,480,268
DFP 21,474,265
Confluence 56,938,517,938,517
OA 15
DFP 28,937,517
DFP 28,937,517
Confluence 255,2655,1586,2620,1569
OA 32
DFP 128,2655,1586
DFP 127,2620,1569
Confluence 225,3241,1963,2608,1577
OA 203
DFP 130,3241,1963
DFP 95,2608,1577
Confluence 40,864,502,854,496
OA 3
DFP 20,858,499
DFP 20,848,493
Confluence 10,122,61,122,61
OA 25
DFP 5,122,61
DFP 5,122,61
Confluence 26,0,0,877,476
OA 0
DFP 0,0,0
DFP 26,873,476
Confluence 20,245,136,246,136
OA 7
DFP 10,246,136
DFP 10,245,136
Confluence 37,365,196,348,179
OA 3
DFP 18,365,196
DFP 19,354,182
Confluence 49,524,272,391,199
OA 26
DFP 28,523,272
DFP 21,396,202
Confluence 62,659,367,659,367
OA 92
DFP 31,654,365
DFP 31,654,365
Confluence 24,432,234,411,223
OA 70
DFP 12,432,234
DFP 12,411,223
Confluence 68,984,578,975,572
OA 3
DFP 34,980,578
DFP 34,971,572
Confluence 8,112,54,110,53
OA 9
DFP 4,111,54
DFP 4,109,53
Confluence 202,2858,1626,2164,1215
OA 120
DFP 111,2822,1611
DFP 91,2133,1202
Confluence 54,545,305,556,311
OA 3
DFP 27,545,305
DFP 27,556,311
Confluence 145,2222,1313,2209,1305
OA 571
DFP 73,2210,1308
DFP 72,2197,1300
Confluence 54,976,575,974,573
OA 23
DFP 27,974,574
DFP 27,972,572
Confluence 138,2116,1200,2116,1200
OA 28
DFP 69,2106,1197
DFP 69,2112,1200
Confluence 291,7895,4733,1784,1036
OA 67
DFP 243,7862,4719
DFP 48,1798,1043
Confluence 579,6118,3693,13341,8439
OA 258
DFP 193,6120,3695
DFP 384,13321,8428
Confluence 128,3745,2434,3745,2434
OA 117
DFP 64,3741,2432
DFP 64,3741,2432
Confluence 80,1173,625,1173,625
OA 13
DFP 40,1164,625
DFP 40,1164,625
Confluence 6,155,75,155,75
OA 2
DFP 3,155,75
DFP 3,155,75
Confluence 58,549,297,511,279
OA 32
DFP 31,549,297
DFP 26,508,277
Confluence 12,82,45,74,41
OA 7
DFP 6,82,45
DFP 6,74,41
Confluence 256,2761,1614,2765,1616
OA 220
DFP 128,2749,1609
DFP 128,2755,1612
Confluence 20,416,244,418,245
OA 1
DFP 10,408,240
DFP 10,418,245
Confluence 248,2692,1567,2698,1570
OA 216
DFP 124,2680,1562
DFP 124,2688,1566
Confluence 108,1925,1129,1925,1129
OA 11
DFP 54,1841,1087
DFP 54,1861,1097
Confluence 118,2469,1488,2469,1488
OA 5
DFP 59,2343,1425
DFP 59,2351,1429
Confluence 182,3763,2240,3763,2240
OA 57
DFP 91,3598,2162
DFP 91,3598,2162
Confluence 30,355,209,355,209
OA 11
DFP 15,367,215
DFP 15,373,218
Confluence 62,914,518,920,522
OA 13
DFP 31,910,516
DFP 31,916,520
Confluence 54,548,301,554,304
OA 11
DFP 27,544,299
DFP 27,550,302
Confluence 28,290,162,296,165
OA 4
DFP 14,290,162
DFP 14,296,165
Confluence 64,991,551,991,551
OA 3
DFP 32,985,549
DFP 32,985,549
Confluence 32,226,119,227,119
OA 15
DFP 16,227,119
DFP 16,227,119
Confluence 42,332,174,328,172
OA 24
DFP 21,332,174
DFP 21,332,174
Confluence 4,111,61,111,61
OA 1
DFP 2,111,61
DFP 2,111,61
Confluence 2,267,143,267,143
OA 1
DFP 1,267,143
DFP 1,267,143
Confluence 8,170,88,170,88
OA 2
DFP 4,170,88
DFP 4,170,88
Confluence 4,359,187,359,187
OA 1
DFP 2,359,187
DFP 2,359,187
Confluence 6,289,152,289,152
OA 2
DFP 3,289,152
DFP 3,289,152
Confluence 3,0,0,337,169
OA 0
DFP 0,0,0
DFP 3,283,143
Confluence 3,0,0,337,175
OA 0
DFP 0,0,0
DFP 3,337,175
Confluence 23,390,223,0,0
OA 1
DFP 23,390,223
DFP 0,0,0
Confluence 0,0,0,0,0
OA 0
DFP 0,0,0
DFP 0,0,0
Confluence 216,1930,1111,1926,1109
OA 59
DFP 108,1914,1103
DFP 108,1910,1101
Confluence 85,1488,853,1489,853
OA 81
DFP 42,1470,844
DFP 43,1471,844
Confluence 284,3883,2353,3870,2346
OA 2179
DFP 142,3863,2343
DFP 142,3850,2336
Confluence 436,6883,4400,6870,4386
OA 270
DFP 216,6846,4384
DFP 216,6818,4362
Confluence 177,1201,704,2169,1259
OA 18
DFP 70,1205,707
DFP 104,2125,1234
Confluence 146,2002,1185,1473,878
OA 16
DFP 80,1976,1172
DFP 66,1453,868
Confluence 54,976,549,978,550
OA 86
DFP 27,970,548
DFP 27,972,549
Confluence 399,6201,3581,6230,3588
OA 86
DFP 198,6151,3563
DFP 201,6182,3569
Confluence 32,721,439,721,439
OA 1
DFP 16,721,439
DFP 16,721,439
Confluence 40,530,310,531,310
OA 3
DFP 20,530,310
DFP 20,531,310
Confluence 58,792,473,798,476
OA 1
DFP 29,792,473
DFP 29,798,476
Confluence 1153,22352,14034,21996,13834
OA 2705
DFP 581,22216,13972
DFP 572,21866,13775
Confluence 345,8031,4956,1425,861
OA 167
DFP 281,7984,4935
DFP 62,1414,857
Confluence 124,1046,598,1042,596
OA 7
DFP 62,1040,595
DFP 62,1036,593
Confluence 19,1110,727,0,0
OA 3202
DFP 19,1106,725
DFP 0,0,0
Confluence 19,1245,817,0,0
OA 4957
DFP 19,1241,815
DFP 0,0,0
Confluence 19,1065,700,0,0
OA 2500
DFP 19,1061,698
DFP 0,0,0
Confluence 0,0,0,0,0
OA 0
DFP 0,0,0
DFP 0,0,0
Confluence 16,178,91,178,91
OA 126
DFP 8,169,87
DFP 8,169,87
Confluence 26,179,98,200,108
OA 10
DFP 13,179,98
DFP 13,200,108
Confluence 64,0,0,1903,1131
OA 0
DFP 0,0,0
DFP 64,1895,1127
Confluence 38,658,375,658,375
OA 3
DFP 19,658,375
DFP 19,654,373
Confluence 122,2050,1224,1354,793
OA 118
DFP 70,2048,1224
DFP 52,1350,791
Confluence 122,2050,1224,1354,793
OA 118
DFP 70,2048,1224
DFP 52,1350,791
Confluence 28,479,268,479,268
OA 3
DFP 14,479,268
DFP 14,475,266
Confluence 16,239,125,239,125
OA 38
DFP 8,235,123
DFP 8,235,123
Confluence 2,76,36,76,36
OA 1
DFP 1,76,36
DFP 1,76,36
Confluence 26,478,300,478,300
OA 1
DFP 13,472,297
DFP 13,472,297
Confluence 2,51,25,51,25
OA 1
DFP 1,51,25
DFP 1,51,25
Confluence 0,0,0,0,0
OA 0
DFP 0,0,0
DFP 0,0,0
Confluence 2,126,74,126,74
OA 1
DFP 1,126,74
DFP 1,126,74
Confluence 130,1122,631,1609,930
OA 3
DFP 57,1121,631
DFP 73,1608,930
Confluence 109,1196,654,1469,819
OA 5
DFP 48,1191,652
DFP 61,1464,817
Confluence 105,1139,623,1410,787
OA 5
DFP 46,1134,621
DFP 59,1405,785
Confluence 22,0,0,700,384
OA 0
DFP 0,0,0
DFP 22,700,384
Confluence 42,346,201,348,202
OA 1
DFP 21,346,201
DFP 21,348,202
Confluence 10,94,48,0,0
OA 12
DFP 10,94,48
DFP 0,0,0
